CAPITULA.

1, 44 10 1111111101 111 1111111101.
11 1111 1111110111. ’
04 1111111111 1111110111,
11111113 11010111.
112 010 1111111.
150 11111 11 111111 11111.
11111111 40 1111111111 11111111.
111 1011011 QUAE 11011 1111111111.
11111 11110.
11111 onom-2, 1111011, 1111100111:¹ vocs.
005 1111111 1111111 11 1111111. ’
111 11111110 1111111110 11 1111111.
504 111 111111.
010 01: 1³1sc100s 111 1004.
410 1011111 11 1111111 1111 1111111111 111111.
400 11111111 11111111 11111111 1111 1111111.
400 10111111 1111.
551 1011111111 111101 111 1011111.
51111 110111 11111111, 11111,1111, 11 1111111.
005 1011111 1111111111. ·
¹105 11111111 111111 111111 1111 1111111 1111011111 1111111111 1111.
111 101111111111011111.
000 1011111 1111110111.
051 10 111 111101 10 1111111111111101 1111011111.
111111 10 1111011 1 1110111.
1111 11111111 11111 11 1111111 11111111
11111 1 11111111,
1111111 11111 1111111111.
11, 1411110111111111 1111111111.
02 11 11011 101110101011011, 11111111111111.
11111111 111111 1111.
111 11111 111 s011s 11111 1111111111.
111 111 1111111111 1101111.
100 1111111 111111111111 11111111101111,
sen 111111 A 1111111111 1111111111 10111111.
111111 1111111011 110111,
50:101: 111111 1101101111.
³00 01: 11111111.
000 111 ο11ο.
500 01: 111111.
400 111 1111111110.
405 011 111111 1111110111.,
445 111 1111111111, 11110, 311111, 11111,
404 111 1111011 suso. y

 

